snap(-37,-43,-26)
sky(217,186,162)
fog(204,130,96)
clouds(255,255,255,5,-1406)
ground(60,0,0)
texture(0,0,0,60)
fadefrom(8000)
density(8)
mountains(27771)
nlaps(7)

name(Cephalalgy)
lightson()

set(10,0,0,0)p
set(10,0,5600,0)
set(10,0,16189,180)
set(10,0,21789,180)p
set(10,0,27389,180)
chk(40,0,26280,0)r
set(14,0,31939,-90)pt
set(10,-4550,31939,-90)
set(10,-10150,31939,-90)
set(26,-7150,31939,90)pr
set(37,-11000,31750,-90)
set(37,-11924,32200,-90)
set(10,-15750,31939,90)p
set(37,-13000,31750,-90)
set(37,-16000,32200,-90)
set(37,-15000,31750,-90)
set(37,-14000,32200,-90)
set(37,-17000,31750,-90)
set(10,-21350,31939,90)p
set(37,-20000,32200,-90)
set(37,-19000,31750,-90)
set(37,-18000,32200,-90)
set(10,-26950,31939,90)
chk(40,-28140,31939,90)r
set(14,-31500,31939,0)pt
set(10,-31500,27389,0)
set(20,-31500,21789,0)
set(27,-31500,24589,180)pr
set(15,-31500,16189,0)
set(16,-31500,10589,0)p
set(15,-31500,4989,0)
set(15,-31500,-611,0)p
set(17,-31500,-5161,90)
chk(42,-29750,-5161,90)r
set(17,-28000,-5161,180)pt
set(15,-28000,-611,0)p
set(44,-28000,4989,180)
set(35,-28480,3568,0)pr
set(35,-27580,6184,0)pr
set(43,-28000,10589,180)p
set(43,-28000,16189,0)
set(33,-31500,15040,0)pr
set(44,-28000,21789,0)p
set(17,-28000,26339,0)pt
set(15,-23450,26339,-90)p
set(15,-17850,26339,-90)
chk(42,-17112,26339,90)r
set(17,-13300,26339,-90)pt
set(15,-13300,21789,0)p
set(20,-13300,16189,180)p
set(10,-13300,10589,0)
set(10,-13300,4989,0)
set(28,-13300,8680,0)pr
set(23,-13300,400,0)p
set(10,-13300,3200,0)p
set(15,-16350,-5161,90)
set(17,-20900,-5161,90)pt
set(15,-20900,-611,0)
chk(42,-20900,-1185,0)r
set(44,-20900,4989,180)
set(33,-20900,5000,0)pr
set(43,-20900,10589,0)
set(33,-20900,10000,0)pr
set(44,-20900,16189,0)
set(15,-20900,18540,0)
set(33,-20900,15000,0)pr
set(24,-20900,21340,0)p
set(15,-5750,18292,0)
fix(41,-5750,12769,-750,0)
set(15,-5750,12692,0)
set(30,0,11709,0)pl
set(35,-5750,14720,0)pr
set(15,-5750,7092,0)
set(35,-5750,10760,0)pr
set(16,-5750,2241,0)p
set(24,-5750,-559,180)p
set(20,-8850,-5161,-90)p
set(15,-14450,-5161,-90)
set(33,-15880,-5161,90)pr
set(10,-4550,-5161,90)
chk(40,-2700,-5161,90)r
set(14,0,-5161,180)pt
set(10,0,-611,180)p
set(24,-5750,26692,0)
set(16,-5750,23892,0)

maxl(9,-34764,-5870)
maxb(8,-8270,-32364)
maxr(9,3635,-5870)
maxt(8,34929,-32364)
